$ANSIBLE_VAULT;1.1;AES256
65633837363564386136303531323763353037333836313966306462653934343333613333663532
3433363434656431643263386431393437613637616532380a316132643431386339313966326533
39383763336436633633316632636139366565363732386430303163663833616530616134613935
3661373161376363380a373766623630393334333435316432376531363439623930663039356662
39396665396663353736306238353566666534363333303833343364306336333333303965333831
64303735643231663539663037616634356239616136313834306363326339646361343234353433
61623736333537653933636466623032306138636263316462666337376137316461316439393438
35633865666236653839623332316333383666643866333237326364616136623230346531636261
37313832616137353235333634643566363032653666643032303732396335623432343738343235
30626337623462346632303263316164356637363531363861626232623365396330323733653534
32626231336562646634633361336233373337373337316136396236343432366133393738663039
66616535336462313061383630376531346163306365656432333737646235653264323761636532
63626334396233323964376162343164383938323066646439343336623034613832643431363962
38303832656339666636373739393939343365643839353761356364633733366161323465353330
34316536613534303136316434306536316439363237396161333331616530356636333133643734
61303037343566386231326564303432353964383939653262616266386134373833636531303836
66633463356333616534616161373135316166633530356665643539363138613834663839333931
66376366383762383237366537636239336336333366626333373930626637656132343362356665
36396438313362626533383530306535366434353932323934393337663130306535306139363766
38643037336233633334333266313133363864363561373336636666623863663138633137653031
66313034353562393833343933633566323866613034343135356166653438373537306630636237
61383363663336623931306163386366656130363536383039306661626666343230346261646666
31353732616237316135333261323065373566663333613866373435386564396261306539326537
62626531313637326331306563373738646165303861336665663438663566666165316339613938
32353763666430333764303161353736623533393063643535326333356563656530333835623033
37393736373739306133663430633865316538353032626165323961373534383036613238333762
39323566653437353434616531333866616465613563616531653838623962363634363330356536
37636231613137666439386264633363646263393862353163393632383735303039643966636131
32383831363239613033376366623633383937326235643835303631636664393639383561386431
37396237636432393431636637663265386537616533356239363566663661623563316565323535
37343935333633353761613965376562653338663337356133666132333332356432636162353139
32653062346662353463333734343963343661363438356436626362333232616136336461613032
31613061623439343438306135313233626536333230633136616538643264383537653165393966
65363739626135346536343462313831636132313738666366373132383837313330336566383665
36336230363539616163323262626239303534613535373834643435383762636537633864643535
35353833336630393664313836316634643531373934363538333961303161323165663061396164
36316633343161353534386537376438363238366430646238626162306638373863643933393363
30646366663961623666326130656331336264626364333437333339616663393036623735346266
33393139306163363739613765346336326364386237626336373263323233656536653136383736
35373433623334666263333137663762373337643634393366656565613133313066353461326565
38376630626439366534363665616432646565366266666330353933393563393133326638623137
62303866393230353232343565353232306662643138626366643830383162343936313733396165
34386663346232386334363761383638646433363362363765353632623735353964376433306362
37633466616439653931373937383961646530623939306431363438313037313331383935396161
30376131303262633866343538346332303961346361303735663763326238323464313332313839
37666635633566623639616165636666633965396364386335326630386138303165383338616363
64616233376230356530323835343566613730303533333066363937333564393064633433343332
65393236663536353864313535333762333736333262623834663861346638623235356664393931
65373833343839333031313462666532656162656234343836306637626435393431636466336436
62386335316438343036313861613436633431646562333137393262363263356261306562323338
33303137633337386238666537313437383966306665666332396138323363326536333536393933
30336137353462383230333661373537303233613561636630653430373435626439613764396562
65356265613733663439316234663666666232366435353462633434643962656362613539376365
33386464336663313961656166346236643039623437393766623862343462643839616566666231
34383838346239613263343764306232376432376537366462383830383632316437353863626332
39643863656338363730623664663737363939333933613162313665393836396465373363656462
31393963343338646439306662383265316437636135616565363030366263396262633432393639
33306665333034326666626162633939653335353534616666363039333961336237383165643730
38353137333136373664393066663864653736346139363139396235383061346134633138306636
37366632303137363732363939333262333566636361656537633435386132666561303533633261
65366565633031356430383162343437313432353731336566333161623238376664383764623932
30643264396437373164356662633534623535623233326439356462666331623938626464636430
33306137393637303365633434653337333534323166366234613261303632376632306533393763
65666136366632623533323138383036663566636661363730353665636263376362323730626164
39656466353136326662653064383139653961643234396361656462643632303930373431323966
36666564646539666134636630623064383438383666633766653835393935306266323136646464
31633235313834366362303834353038393461383433336537326633303565346533363330633330
37313235313563633466326533326331363263653536663334326330646136323533323365663966
34313833363662353934666265316233346464343935333662326234633036646132653861346233
64323333356466623637663235356237633436623539623236386631313962636637326463313836
34353763363763366333656138313062396264366265343033373237613035313263636630623939
30343437653737303965353838363038313362366439333135303431373233623431373634376566
31656465643364363835376236376564613437386431613630396664363836316361396236656162
38646339323335636138613435653861366231663862313936323038363962633735346361393163
66393836396438626364376639663034306162326532383636393533623963653333653832326136
63386639643266623838643964366262653264393834313566336132333562306232363832323536
62633839656539656238306264333031616134636631373865373133363338633736323430656163
65356432383736336237653964303734393966306130343161353838323438333166363565646661
37303237646661623437353238353065373734613937316461326461633035356462323631363538
32393733646333393436623763373535336136323533353965653939643036303832323131323635
35646461613335616363636161336266366131643735373734343861363665613734336363366464
35656563376463656238663461386364393363653137343133663763383661313339646261393334
31373831336461383035613638373863343737313963313131356430626366626566356262616362
61663565663565636335356534633432643430363961653661626364366530333539663132666230
66623661353565396634333937346435313166663961393963303462323939656431613435313335
30396262306264613961356262653335333235353030653963633164346639303031373262616330
66653465356238303739623933613530303361393232383063383737333432366534646362393538
32643465656264653961353766383061346439336363356162316634623938663962306537616639
33626331343039363064383139353733666464393166353465613466643731633933656636626135
64383864383634336137363565623632626563363636386164353637366363663939666262396165
33613764356633666439386566646133333134623262353635653062633166383436373931373235
35643335363536313130393737313332326565303835616561626331613263386231346436333965
38363533623933613837393361396363353132333861393038643266616664626535386661316439
32666538636330376232613639656466623932386566613531386464353464326562616535316137
30646538343066353739396566316530343937326365333366653261623439346436393264396332
32333664393361636235323963326264613830303566373266383530646361336534393932613161
35323163333163666564633730646563383036316339663665373661323333393236633135303633
66313437633830363534636233646161356433613933366365353765346662613265376239626436
37623139356538393065306138386335646635383532313361623461656234373761316161393431
34613638343530626564303564626232333531363730373032613163663961306639393834616431
64303766613664366235333239336334623636663739623337653564623033306432613165656138
39653362666136643935646238653831346364363036396565356465346236643837346664666236
63386665353333616462333662656566333430653733616638383234636461393265613138353531
65636237653137313331353765333231643236653265663363313135303833343164363437376664
34626535333636663762616436303364333662393166396162633961663431663137653963623337
64343163613466373065333738366634376466656639373639613237353264316430306161663561
63346266316430303531346334303265346265663031313538396265646237393039623764336133
35353237653632663566383332353230366665386462643138646533643465643933663465363864
38623032613763303262386434383233626337363435396566323033373963363937316237323762
37643436643832343137313964303435323165376230386464656166316532616365366630353761
63313235343639656666306236323331656134343364323834656139633266623737326263346338
65333138376261353232383538346564376539363365356138663938333630326530356234633364
64313530373233633362336633633933306230373835303566643430386537663336393839323433
30356339376662616662616265376232656466663230303039663936356530376434303938636264
31353031396165613130653461343332313065346334663166323065643765643866633565646138
61653966666435333266643232653365386665616637653363633932346566356532633834623038
64386132633866313663343238373036303265636262363663396637633733303730643331633566
39383266393866393565343466616537353865356434386337613163383062633738626436306131
65336138646430656339313361663764663264356639313433346262316634643261363938643161
64376335353832323534633738346231383562613766313862643435336639636439336635323031
62303066613937393061613164656530366235383964303636373633393366643066393431663233
32343436393839633861653362633432346433326433633535323536353065616535666633383064
61393937376130396363633065356530303665303766656130623564303264653235303038613134
34653664643162353331336430363166643237386330343063623263666132313166626161346661
36636262306536623332303962356431633464623465366133326566643734653435613766353463
66313565633832323133313965646439366336643231306462663638356665626139653862663437
37346435343534623662333937303462373939663661376536636164613330313666333464346662
30326364303832666239306164393564386430616134393138663332663036623836376264643964
63353539316165633262373361313538313435326534323861346163303930313837613337333565
36303462646535356130313633656130373037396363323537646236653332376334653633313835
33366139346363313432613032666236623930356162373932616534366336356139393638326438
39616339393135643137343464373131316435336161643531333937313564346435336632353538
37383939346661623138626433366538666632323333313433373334656362613835623536313366
39306463663733353666646232613563366266613132356161343337333537613536633332373163
62393738366466303663663636646136386636633032383039366364313137623961643662623036
38326262393361663961336536646634663737613439663736666638313238633633663935333634
6139
